20150010001
20150010002
20150010003
20150121001
20150121002
20150121003
20150121004
20150121005
20150121006
20150121007
20150121008
20150121009
20150121010
20150121011
20150121012
20150121013
20150121014
20150121015
20150121016
20150121017
20150121018
20150121019
20150121020
20150121021
20150121022
20150121023
20150121024
20150121025
20150121026
20150121027
20150121028
20150121029
20150121030
20150121031
20150121032
20150121033
20150121034
20150121035
20150121036
20150121037
20150121038
20150121039
20150121040
20150121041
20150121042
20150121043
20150121044
20150121045
20150121046
20150121047
20150121048
20150121049
20150121050
20150121051
20150121052
20150121053
20150121054
20150121055
20150121056
20150121057
20150121058
20150121059
20150121060
20150121061
20150121062
20150121063
20150121064
20150121065
20150121066
20150121067
20150121068
20150121069
20150121070
20150121071
20150121072
20150121073
20150121074
20150121075
20150121076
20150121077
20150121078
20150121079
20150121080
20150121081
20150121082
20150121083
20150121084
20150121085
20150121086
20150121087
20150121088
20150121089
20150121090
20150121091
20150121092
20150121093
20150121094
20150121095
20150121096
20150121097
20150121098
20150121099
20150121100
20150121101
20150121102
20150121103
20150121104
20150121105
20150121106
20150121107
20150121108
20150121109
20150121110
20150121111
20150121112
20150121113
20150121114
20150121115
20150121116
20150121117
20150121118
20150121119
20150121120
20150121121
20150121122
20150121123
20150121124
20150121125
20150121126
20150121127
20150121128
20150121129
20150121130
20150121131
20150121132
20150121133
20150121134
20150121135
20150121136
20150121137
20150121138
20150121139
20150121140
20150121141
20150121142
20150121143
20150121144
20150121145
20150121146
20150121147
20150121148
20150121149
20150121150
20150121151
20150121152
20150121153
20150121154
20150121155
20150121156
20150121157
20150121158
20150121159
20150121160
20150121161
20150121162
20150121163
20150121164
20150121165
20150121166
20150121167
20150121168
20150121169
20150121170
20150121171
20150121172
20150121173
20150121174
20150121175
20150121176
20150121177
20150121178
20150121179
20150121180
20150121181
20150121182
20150121183
20150121184
20150121185
20150121186
20150121187
20150121188
20150121189
20150121190
20150121191
20150121192
20150121193
20150121194
20150121195
20150121196
20150121197
20150121198
20150121199
20150121200
20150121201
20150121202
20150121203
20150121204
20150121205
20150121206
20150121207
20150121208
20150121209
20150121210
20150121211
20150121212
20150121213
20150121214
20150121215
20150121216
20150121217
20150121218
20150121219
20150121220
20150121221
20150121222
20150121223
20150121224
20150121225
20150121226
20150121227
20150121228
20150121229
20150121230
20150121231
20150121232
20150121233
20150121234
20150121235
20150121236
20150121237
20150121238
20150121239
20150121240
20150121241
20150121242
20150121243
20150121244
20150121245
20150121246
20150121247
20150121248
20150121249
20150121250
20150121251
20150121252
20150121253
20150121254
20150121255
20150121256
20150121257
20150121258
20150121259
20150121260
20150121261
20150121262
20150121263
20150121264
20150121265
20150121266
20150121267
20150121268
20150121269
20150121270
20150121271
20150121272
20150121273
20150121274
20150121275
20150121276
20150121277
20150121278
20150121279
20150121280
20150121281
20150121282
20150121283
20150121284
20150121285
20150121286
20150121287
20150121288
20150121289
20150121290
20150121291
20150121292
20150121293
20150121294
20150121295
20150121296
20150121297
20150121298
20150121299
20150121300
20150121301
20150121302
20150121303
20150121304
20150121305
20150121306
20150121307
20150121308
20150121309
20150121310
20150121311
20150121312
20150121313
20150121314
20150121315
20150121316
20150121317
20150121318
20150121319
20150121320
20150121321
20150121322
20150121323
20150121324
20150121325
20150121326
20150121327
20150121328
20150121329
20150121330
20150121331
20150121332
20150121333
20150121334
20150121335
20150121336
20150121337
20150121338
20150121339
20150121340
20150121341
20150121342
20150121343
20150121344
20150121345
20150121346
20150121347
20150121348
20150121349
20150121350
20150121351
20150121352
20150121353
20150121354
20150121355
20150121356
20150121357
20150121358
20150121359
20150121360
20150121361
20150121362
20150121363
20150121364
20150121365
20150121366
20150121367
20150121368
20150121369
20150121370
20150121371
20150121372
20150121373
20150121374
20150121375
20150121376
20150121377
20150121378
20150121379
20150121380
20150121381
20150121382
20150121383
20150121384
20150121385
20150121386
20150121387
20150121388
20150121389
20150121390
20150121391
20150121392
20150121393
20150121394
20150121395
20150121396
20150121397
20150121398
20150121399
20150121400
20150121401
20150121402
20150121403
20150121404
20150121405
20150121406
20150121407
20150121408
20150121409
20150121410
20150121411
20150121412
20150121413
20150121414
20150121415
20150121416
20150121417
20150121418
20150121419
20150121420
20150121421
20150121422
20150121423
20150121424
20150121425
20150121426
20150121427
20150121428
20150121429
20150121430
20150121431
20150121432
20150121433
20150121434
20150121435
20150121436
20150121437
20150121438
20150121439
20150121440
20150121441
20150121442
20150121443
20150121444
20150121445
20150121446
20150121447
20150121448
20150121449
20150121450
20150121451
20150121452
20150121453
20150121454
20150121455
20150121456
20150121457
20150121458
20150121459
20150121460
20150121461
20150121462
20150121463
20150121464
20150121465
20150121466
20150121467
20150121468
20150121469
20150121470
20150121471
20150121472
20150121473
20150121474
20150121475
20150121476
20150121477
20150121478
20150121479
20150121480
20150121481
20150121482
20150121483
20150121484
20150121485
20150121486
20150121487
20150121488
20150121489
20150121490
20150121491
20150121492
20150121493
20150121494
20150121495
20150121496
20150121497
20150121498
20150121499
20150121500
20150121501
20150121502
20150121503
20150121504
20150121505
20150121506
20150121507
20150121508
20150121509
20150121510
20150121511
20150121512
20150121513
20150121514
20150205001
20150205002
20150205003
20150205004
20150205005
20150205006
20150205007
20150205008
20150205009
20150205010
20150205011
20150205012
20150205013
20150205014
20150205015
20150205016
20150205017
20150205018
20150205019
20150205020
20150205021
20150205022
20150205023
20150205024
20150205025
20150205026
20150205027
20150205028
20150205029
20150205030
20150205031
20150205032
20150205033
20150205034
20150205035
20150205036
20150205037
20150205038
20150205039
20150205040
20150205041
20150205042
20150205043
20150205044
20150205045
20150205046
20150205047
20150205048
20150205049
20150205050
20150205051
20150205052
20150205053
20150205054
20150205055
20150205056
20150205057
20150205058
20150205059
20150205060
20150205061
20150205062
20150205063
20150205064
20150205065
20150205066
20150205067
20150205068
20150205069
20150205070
20150205071
20150205072
20150205073
20150205074
20150205075
20150205076
20150205077
20150205078
20150205079
20150209001
20150209002
20150209003
20150209004
20150209005
20150209006
20150209007
20150209008
20150209009
20150209010
20150209011
20150209012
20150209013
20150209014
20150209015
20150209016
20150209017
20150209018
20150209019
20150209020
20150209021
20150209022
20150209023
20150209024
20150209025
20150209026
20150209027
20150209028
20150209029
20150209030
20150209031
20150209032
20150209033
20150209034
20150209035
20150209036
20150209037
20150209038
20150209039
20150209040
20150209041
20150209042
20150209043
20150209044
20150209045
20150209046
20150209047
20150209048
20150209049
20150209050
20150209051
20150209052
20150209053
20150209054
20150209055
20150209056
20150209057
20150209058
20150209059
20150209060
20150209061
20150209062
20150209063
20150209064
20150209065
20150209066
20150209067
20150209068
20150209069
20150209070
20150209071
20150209072
20150209073
20150209074
20150209075
20150209076
20150209077
20150209078
20150209079
20150209080
20150209081
20150209082
20150209083
20150209084
20150209085
20150209086
20150209087
20150209088
20150209089
20150209090
20150209091
20150209092
20150209093
20150209094
20150209095
20150209096
20150209097
20150209098
20150209099
20150209100
20150209101
20150209102
20150209103
20150209104
20150209105
20150209106
20150209107
20150209108
20150209109
20150209110
20150209111
20150209112
20150209113
20150209114
20150209115
20150209116
20150209117
20150209118
20150221001
20150221002
20150221003
20150221004
20150221005
20150221006
20150221007
20150221008
20150221009
20150221010
20150221011
20150221012
20150221013
20150221014
20150221015
20150221016
20150221017
20150221018
20150221019
20150221020
20150221021
20150221022
20150221023
20150221024
20150221025
20150221026
20150221027
20150221028
20150221029
20150221030
20150221031
20150221032
20150221033
20150221034
20150221035
20150221036
20150221037
20150221038
20150221039
20150221040
20150221041
20150221042
20150221043
20150221044
20150221045
20150221046
20150221047
20150221048
20150221049
20150221050
20150221051
20150221052
20150221053
20150221054
20150221055
20150221056
20150221057
20150221058
20150221059
20150221060
20150221061
20150221062
20150221063
20150221064
20150221065
20150221066
20150221067
20150221068
20150221069
20150221070
20150221071
20150221072
20150221073
20150221074
20150221075
20150221076
20150221077
20150221078
20150221079
20150221080
20150221081
20150221082
20150221083
20150221084
20150221085
20150221086
20150221087
20150221088
20150221089
20150221090
20150221091
20150221092
20150221093
20150221094
20150221095
20150221096
20150221097
20150221098
20150221099
20150221100
20150221101
20150221102
20150221103
20150221104
20150221105
20150221106
20150221107
20150221108
20150221109
20150221110
20150221111
20150221112
20150221113
20150221114
20150221115
20150221116
20150221117
20150221118
20150221119
20150221120
20150221121
20150221122
20150221123
20150221124
20150221125
20150221126
20150221127
20150221128
20150221129
20150221130
20150221131
20150221132
20150221133
20150221134
20150221135
20150221136
20150221137
20150221138
20150221139
20150221140
20150221141
20150221142
20150221143
20150221144
20150221145
20150221146
20150221147
20150221148
20150221149
20150221150
20150221151
20150221152
20150221153
20150221154
20150221155
20150221156
20150221157
20150221158
20150221159
20150221160
20150221161
20150221162
20150221163
20150221164
20150221165
20150221166
20150221167
20150221168
20150221169
20150221170
20150221171
20150221172
20150221173
20150221174
20150221175
20150221176
20150221177
20150221178
20150221179
20150221180
20150221181
20150221182
20150221183
20150221184
20150221185
20150221186
20150221187
20150221188
20150221189
20150221190
20150221191
20150221192
20150221193
20150221194
20150221195
20150221196
20150221197
20150221198
20150221199
20150221200
20150221201
20150221202
20150221203
20150221204
20150221205
20150221206
20150221207
20150221208
20150221209
20150221210
20150221211
20150221212
20150221213
20150221214
20150221215
20150221216
20150221217
20150221218
20150221219
20150221220
20150221221
20150221222
20150221223
20150221224
20150221225
20150221226
20150221227
20150221228
20150221229
20150221230
20150221231
20150221232
20150221233
20150221234
20150221235
20150221236
20150221237
20150221238
20150221239
20150221240
20150221241
20150221242
20150221243
20150221244
20150221245
20150221246
20150221247
20150222001
20150222002
20150222003
20150222004
20150222005
20150222006
20150222007
20150222008
20150222009
20150222010
20150222011
20150222012
20150222013
20150222014
20150222015
20150222016
20150222017
20150222018
20150222019
20150222020
20150222021
20150222022
20150222023
20150222024
20150222025
20150222026
20150222027
20150222028
20150222029
20150222030
20150222031
20150222032
20150222033
20150222034
20150222035
20150222036
20150222037
20150222038
20150222039
20150222040
20150222041
20150222042
20150222043
20150222044
20150222045
20150222046
20150222047
20150222048
20150222049
20150222050
20150222051
20150222052
20150222053
20150222054
20150222055
20150222056
20150222057
20150222058
20150222059
20150222060
20150222061
20150222062
20150222063
20150222064
20150222065
20150222066
20150222067
20150222068
20150222069
20150222070
20150222071
20150222072
20150222073
20150222074
20150222075
20150222076
20150222077
20150222078
20150222079
20150222080
20150222081
20150222082
20150222083
20150222084
20150222085
20150222086
20150222087
20150222088
20150222089
20150222090
20150222091
20150222092
20150222093
20150222094
20150222095
20150222096
20150222097
20150222098
20150222099
20150222100
20150222101
20150222102
20150222103
20150222104
20150222105
20150222106
20150222107
20150222108
20150222109
20150222110
20150222111
20150222112
20150222113
20150222114
20150222115
20150222116
20150222117
20150222118
20150222119
20150222120
20150222121
20150222122
20150222123
20150222124
20150222125
20150222126
20150222127
20150222128
20150222129
20150222130
20150222131
20150222132
20150222133
20150222134
20150222135
20150222136
20150222137
20150222138
20150222139
20150222140
20150222141
20150222142
20150222143
20150222144
20150222145
20150222146
20150222147
20150222148
20150222149
20150222150
20150222151
20150222152
20150222153
20150222154
20150222155
20150222156
20150222157
20150222158
20150222159
20150222160
20150222161
20150222162
20150222163
20150222164
20150222165
20150222166
20150222167
20150222168
20150222169
20150222170
20150222171
20150222172
20150222173
20150222174
20150222175
20150222176
20150222177
20150222178
20150222179
20150222180
20150222181
20150222182
20150222183
20150222184
20150222185
20150222186
20150222187
20150222188
20150222189
20150222190
20150222191
20150222192
20150222193
20150222194
20150222195
20150222196
20150222197
20150222198
20150222199
20150222200
20150222201
20150222202
20150222203
20150222204
20150222205
20150222206
20150222207
20150222208
20150222209
20150222210
20150222211
20150222212
20150222213
20150222214
20150222215
20150222216
20150222217
20150222218
20150222219
20150222220
20150222221
20150222222
20150222223
20150222224
20150222225
20150222226
20150222227
20150222228
20150222229
20150222230
20150222231
20150222232
20150222233
20150222234
20150222235
20150222236
20150222237
20150222238
20150222239
20150222240
20150222241
20150222242
20150222243
20150222244
20150222245
20150222246
20150222247
20150222248
20150222249
20150222250
20150222251
20150222252
20150222253
20150222254
20150222255
20150222256
20150222257
20150222258
20150222259
20150222260
20150222261
20150222262
20150222263
20150222264
20150222265
20150222266
20150222267
20150222268
20150222269
20150222270
20150222271
20150222272
20150222273
20150311001
20150311002
20150311003
20150311004
20150311005
20150311006
20150311007
20150311008
20150311009
20150311010
20150311011
20150311012
20150311013
20150311014
20150311015
20150311016
20150311017
20150311018
20150311019
20150311020
20150311021
20150311022
20150311023
20150311024
20150311025
20150311026
20150311027
20150311028
20150311029
20150311030
20150311031
20150311032
20150311033
20150311034
20150311035
20150311036
20150311037
20150311038
20150311039
20150311040
20150311041
20150311042
20150311043
20150311044
20150311045
20150311046
20150311047
20150311048
20150311049
20150311050
20150311051
20150311052
20150311053
20150311054
20150311055
20150311056
20150311057
20150311058
20150311059
20150311060
20150311061
20150311062
20150311063
20150311064
20150311065
20150311066
20150311067
20150311068
20150311069
20150311070
20150311071
20150311072
20150311073
20150311074
20150311075
20150311076
20150311077
20150311078
20150311079
20150311080
20150311081
20150311082
20150311083
20150311084
20150311085
20150311086
20150311087
20150311088
20150311089
20150311090
20150311091
20150311092
20150311093
20150311094
20150311095
20150311096
20150311097
20150311098
20150311099
20150311100
20150311101
20150311102
20150311103
20150311104
20150311105
20150311106
20150311107
20150311108
20150311109
20150311110
20150311111
20150311112
20150311113
20150311114
20150311115
20150311116
20150311117
20150311118
20150311119
20150311120
20150311121
20150311122
20150311123
20150311124
20150311125
20150311126
20150311127
20150311128
20150311129
20150311130
20150311131
20150311132
20150311133
20150311134
20150311135
20150311136
20150311137
20150311138
20150311139
20150311140
20150311141
20150311142
20150311143
20150311144
20150311145
20150311146
20150311147
20150311148
20150311149
20150311150
20150311151
20150311152
20150311153
20150311154
20150311155
20150311156
20150311157
20150311158
20150311159
20150311160
20150311161
20150311162
20150311163
20150311164
20150311165
20150311166
20150311167
20150311168
20150311169
20150311170
20150311171
20150311172
20150311173
20150311174
20150311175
20150311176
20150311177
20150311178
20150311179
20150311180
20150311181
20150311182
20150311183
20150311184
20150311185
20150311186
20150311187
20150311188
20150311189
20150311190
20150311191
20150311192
20150311193
20150311194
20150311195
20150311196
20150311197
20150311198
20150311199
20150311200
20150311201
20150311202
20150311203
20150311204
20150311205
20150311206
20150311207
20150311208
20150311209
20150311210
20150311211
20150311212
20150311213
20150311214
20150311215
20150311216
20150311217
20150311218
20150311219
20150311220
20150311221
20150311222
20150311223
20150311224
20150311225
20150311226
20150311227
20150311228
20150311229
20150311230
20150311231
20150311232
20150311233
20150311234
20150311235
20150311236
20150311237
20150311238
20150311239
20150311240
20150311241
20150311242
20150311243
20150311244
20150311245
20150311246
20150311247
20150311248
20150311249
20150311250
20150311251
20150311252
20150311253
20150311254
20150311255
20150311256
20150311257
20150311258
20150311259
20150311260
20150311261
20150311262
20150311263
20150311264
20150311265
20150311266
20150311267
20150311268
20150311269
20150311270
20150311271
20150311272
20150311273
20150311274
20150311275
20150311276
20150311277
20150311278
20150311279
20150311280
20150311281
20150311282
20150311283
20150311284
20150311285
20150311286
20150311287
20150311288
20150311289
20150311290
20150311291
20150311292
20150311293
20150311294
20150311295
20150311296
20150311297
20150311298
20150311299
20150311300
20150311301
20150311302
20150311303
20150311304
20150311305
20150311306
20150311307
20150311308
20150311309
20150311310
20150311311
20150311312
20150311313
20150311314
20150311315
20150311316
20150311317
20150311318
20150311319
20150311320
20150311321
20150311322
20150311323
20150311324
20150311325
20150311326
20150311327
20150311328
20150311329
20150311330
20150311331
20150311332
20150311333
20150311334
20150311335
20150311336
20150311337
20150311338
20150311339
20150311340
20150311341
20150311342
20150311343
20150311344
20150311345
20150311346
20150311347
20150311348
20150311349
20150311350
20150311351
20150311352
20150311353
20150311354
20150311355
20150311356
20150311357
20150311358
20150311359
20150311360
20150311361
20150311362
20150311363
20150311364
20150311365
20150311366
20150311367
20150311368
20150311369
20150311370
20150311371
20150311372
20150311373
20150311374
20150311375
20150311376
20150311377
20150311378
20150311379
20150311380
20150421001
20150421002
20150421003
20150421004
20150421005
20150421006
20150421007
20150421008
20150421009
20150421010
20150421011
20150421012
20150421013
20150421014
20150421015
20150421016
20150421017
20150421018
20150421019
20150421020
20150421021
20150421022
20150421023
20150421024
20150421025
20150421026
20150421027
20150421028
20150421029
20150421030
20150421031
20150421032
20150421033
20150421034
20150421035
20150421036
20150421037
20150421038
20150421039
20150421040
20150421041
20150421042
20150421043
20150421044
20150421045
20150421046
20150421047
20150421048
20150421049
20150421050
20150421051
20150421052
20150421053
20150421054
20150421055
20150421056
20150421057
20150421058
20150421059
20150421060
20150421061
20150421062
20150421063
20150421064
20150421065
20150421066
20150421067
20150421068
20150421069
20150421070
20150421071
20150421072
20150421073
20150421074
20150421075
20150421076
20150421077
20150421078
20150421079
20150421080
20150421081
20150421082
20150421083
20150421084
20150421085
20150421086
20150421087
20150421088
20150421089
20150421090
20150421091
20150421092
20150421093
20150421094
20150421095
20150421096
20150421097
20150421098
20150421099
20150421100
20150421101
20150421102
20150421103
20150421104
20150421105
20150421106
20150421107
20150421108
20150421109
20150421110
20150421111
20150421112
20150421113
20150421114
20150421115
20150421116
20150421117
20150421118
20150421119
20150421120
20150421121
20150421122
20150421123
20150421124
20150421125
20150421126
20150421127
20150421128
20150421129
20150421130
20150421131
20150421132
20150421133
20150421134
20150421135
20150421136
20150421137
20150421138
20150421139
20150421140
20150421141
20150421142
20150421143
20150421144
20150421145
20150421146
20150421147
20150421148
20150421149
20150421150
20150421151
20150421152
20150421153
20150421154
20150421155
20150421156
20150421157
20150421158
20150421159
20150421160
20150421161
20150421162
20150421163
20150421164
20150421165
20150421166
20150421167
20150421168
20150421169
20150421170
20150421171
20150421172
20150421173
20150421174
20150421175
20150421176
20150421177
20150421178
20150421179
20150421180
20150421181
20150421182
20150421183
20150421184
20150421185
20150421186
20150421187
20150421188
20150421189
20150421190
20150421191
20150421192
20150421193
20150421194
20150421195
20150421196
20150421197
20150421198
20150421199
20150421200
20150421201
20150421202
20150421203
20150421204
20150421205
20150421206
20150421207
20150421208
20150421209
20150421210
20150421211
20150421212
20150421213
20150421214
20150421215
20150421216
20150421217
20150421218
20150421219
20150421220
20150421221
20150421222
20150421223
20150421224
20150421225
20150421226
20150421227
20150421228
20150421229
20150421230
20150421231
20150421232
20150421233
20150421234
20150421235
20150421236
20150421237
20150421238
20150421239
20150421240
20150421241
20150421242
20150421243
20150421244
20150421245
20150421246
20150421247
20150421248
20150421249
20150421250
20150421251
20150421252
20150421253
20150421254
20150421255
20150421256
20150421257
20150421258
20150421259
20150421260
20150421261
20150421262
20150421263
20150421264
20150421265
20150421266
20150421267
20150421268
20150421269
20150421270
20150421271
20150421272
20150421273
20150421274
20150421275
20150421276
20150421277
20150421278
20150421279
20150421280
20150421281
20150421282
20150421283
20150421284
20150421285
20150421286
20150421287
20150421288
20150421289
20150421290
20150421291
20150421292
20150421293
20150421294
20150421295
20150421296
20150421297
20150421298
20150421299
20150421300
20150421301
20150421302
20150421303
20150421304
20150421305
20150421306
20150421307
20150421308
20150421309
20150421310
20150421311
20150421312
20150421313
20150421314
20150421315
20150421316
20150421317
20150421318
20150421319
20150421320
20150421321
20150421322
20150421323
20150421324
20150421325
20150421326
20150421327
20150421328
20150421329
20150421330
20150421331
20150421332
20150421333
20150421334
20150421335
20150421336
20150421337
20150421338
20150421339
20150421340
20150421341
20150421342
20150421343
20150421344
20150421345
20150421346
20150421347
20150421348
20150421349
20150421350
20150421351
20150421352
20150421353
20150421354
20150421355
20150421356
20150421357
20150421358
20150421359
20150421360
20150421361
20150421362
20150421363
20150421364
20150421365
20150421366
20150421367
20150421368
20150421369
20150421370
20150421371
20150421372
20150421373
20150421374
20150421375
20150421376
20150421377
20150421378
20150421379
20150421380
20150421381
20150421382
20150421383
20150421384
20150421385
20150421386
20150421387
20150421388
20150421389
20150421390
20150421391
20150421392
20150421393
20150421394
20150421395
20150421396
20150421397
20150421398
20150421399
20150421400
20150421401
20150421402
20150421403
20150421404
20150421405
20150421406
20150421407
20150421408
20150421409
20150421410
20150421411
20150421412
20150421413
20150421414
20150421415
20150421416
20150421417
20150421418
20150421419
20150421420
20150421421
20150421422
20150421423
20150421424
20150421425
20150421426
20150421427
20150421428
20150421429
20150421430
20150421431
20150421432
20150421433
20150421434
20150421435
20150421436
20150421437
20150421438
20150421439
20150421440
20150421441
20150421442
20150421443
20150421444
20150421445
20150421446
20150421447
20150421448
20150421449
20150421450
20150421451
20150421452
20150421453
20150421454
20150421455
20150421456
20150421457
20150421458
20150421459
20150421460
20150421461
20150421462
20150421463
20150421464
20150421465
20150421466
20150421467
20150421468
20150421469
20150421470
20150421471
20150421472
20150421473
20150421474
20150421475
20150421476
20150421477
20150421478
20150421479
20150421480
20150421481
20150421482
20150421483
20150421484
20150421485
20150421486
20150421487
20150421488
20150421489
20150421490
20150421491
20150421492
20150421493
20150421494
20150421495
20150421496
20150421497
20150421498
20150421499
20150421500
20150421501
20150421502
20150421503
20150421504
20150421505
20150421506
20150421507
20150421508
20150421509
20150421510
20150421511
20150421512
20150421513
20150421514
20150421515
20150421516
20150421517
20150421518
20150421519
20150421520
20150421521
20150421522
20150421523
20150421524
20150421525
20150421526
20150421527
20150421528
20150421529
20150421530
20150421531
20150421532
20150421533
20150421534
20150421535
20150421536
20150421537
20150421538
20150421539
20150421540
20150522001
20150522002
20150522003
20150522004
20150522005
20150522006
20150522007
20150522008
20150522009
20150522010
20150522011
20150522012
20150522013
20150522014
20150522015
20150522016
20150522017
20150522018
20150522019
20150522020
20150522021
20150522022
20150522023
20150522024
20150522025
20150522026
20150522027
20150522028
20150522029
20150522030
20150522031
20150522032
20150522033
20150522034
20150522035
20150522036
20150522037
20150522038
20150522039
20150522040
20150522041
20150522042
20150522043
20150522044
20150522045
20150522046
20150522047
20150522048
20150522049
20150522050
20150522051
20150522052
20150522053
20150522054
20150522055
20150522056
20150522057
20150522058
20150522059
20150522060
20150522061
20150522062
20150522063
20150522064
20150522065
20150522066
20150522067
20150522068
20150522069
20150522070
20150522071
20150522072
20150522073
20150522074
20150522075
20150522076
20150522077
20150522078
20150522079
20150522080
20150522081
20150522082
20150522083
20150522084
20150522085
20150522086
20150522087
20150522088
20150522089
20150522090
20150522091
20150522092
20150522093
20150522094
20150522095
20150522096
20150522097
20150522098
20150522099
20150522100
20150522101
20150522102
20150522103
20150522104
20150522105
20150522106
20150522107
20150522108
20150522109
20150522110
20150522111
20150522112
20150522113
20150522114
20150522115
20150522116
20150522117
20150522118
20150522119
20150522120
20150522121
20150522122
20150522123
20150522124
20150523001
20150523002
20150523003
20150523004
20150523005
20150523006
20150523007
20150523008
20150523009
20150523010
20150523011
20150523012
20150523013
20150523014
20150523015
20150523016
20150523017
20150523018
20150523019
20150523020
20150523021
20150523022
20150523023
20150523024
20150523025
20150523026
20150523027
20150523028
20150523029
20150523030
20150523031
20150523032
20150523033
20150523034
20150523035
20150523036
20150523037
20150523038
20150523039
20150523040
20150523041
20150523042
20150523043
20150523044
20150523045
20150523046
20150523047
20150523048
20150523049
20150523050
20150523051
20150523052
20150523053
20150523054
20150523055
20150523056
20150523057
20150523058
20150523059
20150523060
20150523061
20150523062
20150523063
20150523064
20150523065
20150523066
20150523067
20150523068
20150523069
20150523070
20150523071
20150523072
20150523073
20150523074
20150523075
20150523076
20150523077
20150523078
20150523079
20150523080
20150523081
20150523082
20150523083
20150523084
20150523085
20150523086
20150523087
20150523088
20150523089
20150523090
20150523091
20150523092
20150523093
20150523094
20150523095
20150523096
20150523097
20150523098
20150523099
20150523100
20150523101
20150523102
20150523103
20150523104
20150523105
20150523106
20150523107
20150523108
20150523109
20150523110
20150523111
20150523112
20150523113
20150523114
20150523115
20150523116
20150523117
20150523118
20150523119
20150523120
20150523121
20150523122
20150523123
20150523124
20150523125
20150523126
20150523127
20150523128
20150523129
20150523130
20150523131
20150523132
20150523133
20150523134
20150523135
20150523136
20150523137
20150523138
20150523139
20150523140
20150523141
20150523142
20150523143
20150523144
20150523145
20150523146
20150523147
20150523148
20150523149
20150523150
20150523151
20150523152
20150523153
20150523154
20150523155
20150523156
20150523157
20150523158
20150523159
20150523160
20150523161
20150524001
20150524002
20150524003
20150524004
20150524005
20150524006
20150524007
20150524008
20150524009
20150524010
20150524011
20150524012
20150524013
20150524014
20150524015
20150524016
20150524017
20150524018
20150524019
20150524020
20150524021
20150524022
20150524023
20150524024
20150524025
20150524026
20150524027
20150524028
20150524029
20150524030
20150524031
20150524032
20150524033
20150524034
20150524035
20150524036
20150524037
20150524038
20150524039
20150524040
20150524041
20150524042
20150524043
20150524044
20150524045
20150524046
20150524047
20150524048
20150524049
20150524050
20150524051
20150524052
20150524053
20150524054
20150524055
20150524056
20150524057
20150524058
20150524059
20150524060
20150524061
20150524062
20150524063
20150524064
20150524065
20150524066
20150524067
20150524068
20150524069
20150524070
20150524071
20150524072
20150524073
20150524074
20150524075
20150524076
20150524077
20150524078
20150524079
20150524080
20150524081
20150524082
20150524083
20150524084
20150524085
20150524086
20150524087
20150524088
20150524089
20150524090
20150524091
20150524092
20150524093
20150524094
20150524095
20150524096
20150524097
20150524098
20150524099
20150524100
20150524101
20150524102
20150524103
20150524104
20150524105
20150524106
20150524107
20150524108
20150524109
20150524110
20150524111
20150524112
20150524113
20150524114
20150524115
20150524116
20150524117
20150524118
20150524119
20150524120
20150524121
20150524122
20150524123
20150524124
20150524125
20150524126
20150524127
20150524128
20150524129
20150524130
20150524131
20150524132
20150524133
20150524134
20150524135
20150524136
20150524137
20150524138
20150524139
20150524140
20150524141
20150524142
20150524143
20150524144
20150524145
20150524146
20150524147
20150524148
20150524149
20150524150
20150524151
20150524152
20150524153
20150524154
20150524155
20150524156
20150524157
20150524158
20150524159
20150524160
20150524161
20150524162
20150524163
20150524164
20150524165
20150524166
20150524167
20150524168
20150524169
20150524170
20150524171
20150524172
20150524173
20150524174
20150524175
20150524176
20150524177
20150524178
20150524179
20150524180
20150524181
20150524182
20150524183
20150524184
20150524185
20150524186
20150524187
20150524188
20150524189
20150524190
20150524191
20150524192
20150524193
20150524194
20150524195
20150524196
20150524197
20150524198
20150524199
20150524200
20150524201
20150524202
20150524203
20150524204
20150524205
20150524206
20150524207
20150524208
20150524209
20150524210
20150524211
20150524212
20150524213
20150524214
20150524215
20150524216
20150524217
20150524218
20150524219
20150524220
20150524221
20150524222
20150524223
20150524224
20150524225
20150524226
20150524227
20150524228
20150524229
20150524230
20150524231
20150524232
20150524233
20150524234
20150603001
20150603002
20150603003
20150603004
20150603005
20150603006
20150603007
20150603008
20150603009
20150603010
20150603011
20150603012
20150603013
20150603014
20150603015
20150603016
20150603017
20150603018
20150603019
20150603020
20150603021
20150603022
20150603023
20150603024
20150603025
20150603026
20150603027
20150603028
20150603029
20150603030
20150603031
20150603032
20150603033
20150603034
20150603035
20150603036
20150603037
20150603038
20150603039
20150603040
20150603041
20150603042
20150603043
20150603044
20150603045
20150603046
20150603047
20150603048
20150603049
20150603050
20150603051
20150603052
20150603053
20150603054
20150603055
20150603056
20150603057
20150603058
20150603059
20150603060
20150603061
20150603062
20150603063
20150603064
20150603065
20150603066
20150603067
20150603068
20150603069
20150603070
20150603071
20150603072
20150603073
20150603074
20150603075
20150603076
20150603077
20150603078
20150603079
20150603080
20150605001
20150605002
20150605003
20150605004
20150605005
20150605006
20150605007
20150605008
20150605009
20150605010
20150605011
20150605012
20150605013
20150605014
20150605015
20150605016
20150605017
20150605018
20150605019
20150605020
20150605021
20150605022
20150605023
20150605024
20150605025
20150605026
20150605027
20150605028
20150605029
20150605030
20150605031
20150605032
20150605033
20150605034
20150605035
20150605036
20150605037
20150605038
20150605039
20150605040
20150605041
20150605042
20150605043
20150605044
20150605045
20150605046
20150605047
20150605048
20150605049
20150605050
20150605051
20150605052
20150605053
20150605054
20150605055
20150605056
20150605057
20150605058
20150605059
20150605060
20150605061
20150605062
20150605063
20150605064
20150605065
20150605066
20150605067
20150605068
20150605069
20150605070
20150605071
20150605072
20150605073
20150605074
20150605075
20150605076
20150605077
20150605078
20150605079
20150605080
20150605081
20150605082
20150605083
20150605084
20150605085
20150605086
20150605087
20150605088
20150605089
20150605090
20150605091
20150605092
20150605093
20150605094
20150605095
20150605096
20150605097
20150605098
20150605099
20150605100
20150605101
20150605102
20150605103
20150605104
20150605105
20150605106
20150605107
20150605108
20150605109
20150605110
20150605111
20150605112
20150605113
20150605114
20150605115
20150605116
20150605117
20150605118
20150605119
20150605120
20150605121
20150605122
20150605123
20150605124
20150605125
20150605126
20150605127
20150605128
20150605129
20150605130
20150605131
20150605132
20150605133
20150605134
20150605135
20150605136
20150605137
20150605138
20150605139
20150605140
20150605141
20150605142
20150605143
20150605144
20150605145
20150605146
20150605147
20150605148
20150605149
20150605150
20150605151
20150605152
20150605153
20150605154
20150605155
20150605156
20150605157
20150605158
20150605159
20150605160
20150605161
20150605162
20150605163
20150605164
20150605165
20150605166
20150605167
20150605168
20150605169
20150605170
20150605171
20150605172
20150605173
20150605174
20150605175
20150605176
20150605177
20150605178
20150605179
20150605180
20150605181
20150605182
20150605183
20150605184
20150605185
20150605186
20150605187
20150605188
20150605189
20150605190
20150605191
20150605192
20150605193
20150605194
20150605195
20150605196
20150605197
20150605198
20150605199
20150605200
20150605201
20150605202
20150605203
20150605204
20150605205
20150605206
20150605207
20150605208
20150605209
20150605210
20150605211
20150605212
20150605213
20150605214
20150605215
20150605216
20150605217
20150608001
20150608002
20150608003
20150608004
20150608005
20150608006
20150608007
20150608008
20150608009
20150608010
20150608011
20150608012
20150608013
20150608014
20150608015
20150608016
20150608017
20150608018
20150608019
20150608020
20150608021
20150608022
20150608023
20150608024
20150608025
20150608026
20150608027
20150608028
20150608029
20150608030
20150608031
20150608032
20150608033
20150608034
20150608035
20150608036
20150608037
20150608038
20150608039
20150608040
20150608041
20150608042
20150608043
20150608044
20150608045
20150608046
20150608047
20150608048
20150608049
20150608050
20150608051
20150608052
20150608053
20150608054
20150608055
20150608056
20150608057
20150608058
20150608059
20150608060
20150608061
20150608062
20150608063
20150608064
20150608065
20150608066
20150608067
20150608068
20150608069
20150608070
20150608071
20150608072
20150608073
20150608074
20150608075
20150608076
20150608077
20150608078
20150608079
20150608080
20150609001
20150609002
20150609003
20150609004
20150609005
20150609006
20150609007
20150609008
20150609009
20150609010
20150609011
20150609012
20150609013
20150609014
20150609015
20150609016
20150609017
20150609018
20150609019
20150609020
20150609021
20150609022
20150609023
20150609024
20150609025
20150609026
20150609027
20150609028
20150609029
20150609030
20150609031
20150609032
20150609033
20150609034
20150609035
20150609036
20150609037
20150703001
20150703002
20150703003
20150703004
20150703005
20150703006
20150703007
20150703008
20150703009
20150703010
20150703011
20150703012
20150703013
20150703014
20150703015
20150703016
20150703017
20150703018
20150703019
20150703020
20150703021
20150703022
20150703023
20150703024
20150703025
20150703026
20150703027
20150703028
20150703029
20150703030
20150703031
20150703032
20150703033
20150703034
20150703035
20150703036
20150703037
20150703038
20150703039
20150703040
20150703041
20150703042
20150703043
20150703044
20150703045
20150703046
20150703047
20150703048
20150703049
20150703050
20150703051
20150703052
20150703053
20150703054
20150703055
20150703056
20150703057
20150703058
20150703059
20150703060
20150703061
20150703062
20150703063
20150703064
20150703065
20150703066
20150703067
20150703068
20150703069
20150703070
20150703071
20150703072
20150703073
20150703074
20150703075
20150703076
20150703077
20150703078
20150703079
20150703080
20150703081
20150703082
20150703083
20150703084
20150703085
20150703086
20150703087
20150703088
20150703089
20150703090
20150703091
20150703092
20150703093
20150703094
20150703095
20150703096
20150703097
20150703098
20150703099
20150703100
20150703101
20150703102
20150703103
20150703104
20150703105
20150703106
20150703107
20150703108
20150703109
20150703110
20150703111
20150703112
20150703113
20150703114
20150703115
20150703116
20150703117
20150703118
20150703119
20150703120
20150703121
20150703122
20150703123
20150703124
20150703125
20150703126
20150703127
20150703128
20150703129
20150703130
20150703131
20150703132
20150703133
20150703134
20150703135
20150703136
20150703137
20150703138
20150703139
20150703140
20150703141
20150703142
20150703143
20150703144
20150703145
20150703146
20150703147
20150703148
20150703149
20150703150
20150703151
20150703152
20150703153
20150703154
20150703155
20150703156
20150703157
20150703158
20150703159
20150703160
20150703161
20150703162
20150703163
20150703164
20150703165
20150703166
20150703167
20150703168
20150703169
20150703170
20150703171
20150703172
20150703173
20150703174
20150703175
20150703176
20150703177
20150703178
20150703179
20150703180
20150703181
20150703182
20150703183
20150703184
20150703185
20150703186
20150703187
20150703188
20150703189
20150703190
20150703191
20150703192
20150703193
20150703194
20150703195
20150703196
20150703197
20150703198
20150703199
20150703200
20150703201
20150703202
20150703203
20150703204
20150703205
20150703206
20150703207
20150703208
20150703209
20150703210
20150703211
20150703212
20150801001
20150801002
20150801003
20150801004
20150801005
20150801006
20150801007
20150801008
20150801009
20150801010
20150801011
20150801012
20150801013
20150801014
20150801015
20150801016
20150801017
20150801018
20150801019
20150801020
20150801021
20150801022
20150801023
20150801024
20150801025
20150801026
20150801027
20150801028
20150801029
20150801030
20150801031
20150801032
20150801033
20150801034
20150801035
20150801036
20150801037
20150801038
20150801039
20150801040
20150801041
20150801042
20150801043
20150801044
20150801045
20150801046
20150801047
20150801048
20150801049
20150801050
20150801051
20150801052
20150801053
20150801054
20150801055
20150801056
20150801057
20150801058
20150801059
20150801060
20150801061
20150801062
20150801063
20150801064
20150801065
20150801066
20150801067
20150801068
20150801069
20150801070
20150801071
20150801072
20150801073
20150801074
20150801075
20150801076
20150801077
20150801078
20150801079
20150801080
20150801081
20150801082
20150801083
20150801084
20150801085
20150801086
20150801087
20150801088
20150801089
20150801090
20150801091
20150801092
20150801093
20150801094
20150801095
20150801096
20150801097
20150801098
20150801099
20150801100
20150801101
20150801102
20150801103
20150801104
20150801105
20150801106
20150801107
20150801108
20150801109
20150801110
20150801111
20150801112
20150801113
20150801114
20150801115
20150801116
20150801117
20150801118
20150803001
20150803002
20150803003
20150803004
20150803005
20150803006
20150803007
20150803008
20150803009
20150803010
20150803011
20150803012
20150803013
20150803014
20150803015
20150803016
20150803017
20150803018
20150803019
20150803020
20150803021
20150803022
20150803023
20150803024
20150803025
20150803026
20150803027
20150803028
20150803029
20150803030
20150803031
20150803032
20150803033
20150803034
20150803035
20150803036
20150803037
20150803038
20150803039
20150803040
20150803041
20150803042
20150804001
20150804002
20150804003
20150804004
20150804005
20150804006
20150804007
20150804008
20150804009
20150804010
20150804011
20150804012
20150804013
20150804014
20150804015
20150804016
20150804017
20150804018
20150804019
20150804020
20150804021
20150804022
20150804023
20150804024
20150804025
20150804026
20150804027
20150804028
20150804029
20150804030
20150804031
20150804032
20150804033
20150804034
20150804035
20150804036
20150804037
20150804038
20150804039
20150804040
20150805001
20150805002
20150805003
20150805004
20150805005
20150805006
20150805007
20150805008
20150805009
20150805010
20150805011
20150805012
20150805013
20150805014
20150805015
20150805016
20150805017
20150805018
20150805019
20150805020
20150805021
20150805022
20150805023
20150805024
20150805025
20150805026
20150805027
20150805028
20150805029
20150805030
20150805031
20150807001
20150807002
20150807003
20150807004
20150807005
20150807006
20150807007
20150807008
20150807009
20150807010
20150807011
20150807012
20150807013
20150807014
20150807015
20150807016
20150807017
20150807018
20150807019
20150807020
20150807021
20150807022
20150807023
20150807024
20150807025
20150807026
20150807027
20150807028
20150807029
20150807030
20150812001
20150812002
20150812003
20150812004
20150812005
20150812006
20150812007
20150812008
20150812009
20150812010
20150812011
20150812012
20150812013
20150812014
20150812015
20150812016
20150812017
20150812018
20150812019
20150812020
20150812021
20150812022
20150812023
20150812024
20150812025
20150812026
20150812027
20150812028
20150812029
20150812030
20150812031
20150812032
20150812033
20150812034
20150812035
20150812036
20150813001
20150813002
20150813003
20150813004
20150813005
20150813006
20150813007
20150813008
20150813009
20150813010
20150813011
20150813012
20150813013
20150813014
20150813015
20150813016
20150813017
20150813018
20150813019
20150813020
20150813021
20150813022
20150813023
20150813024
20150813025
20150813026
20150813027
20150813028
20150813029
20150904001
20150904002
20150904003
20150904004
20150904005
20150904006
20150904007
20150904008
20150904009
20150904010
20150904011
20150904012
20150904013
20150904014
20150904015
20150904016
20150904017
20150904018
20150904019
20150904020
20150904021
20150904022
20150904023
20150904024
20150904025
20150904026
20150904027
20150904028
20150904029
20150904030
20150904031
20150904032
20150904033
20150904034
20150904035
20150904036
20150904037
20150904038
20150904039
20150904040
20150904041
20150904042
20150904043
20150904044
20150904045
20150904046
20150904047
20150904048
20150904049
20150904050
20150904051
20150904052
20150904053
20150904054
20150904055
20150904056
20150904057
20150904058
20150904059
20150904060
20150908001
20150908002
20150908003
20150908004
20150908005
20150908006
20150908007
20150908008
20150908009
20150908010
20150908011
20150908012
20150908013
20150908014
20150908015
20150908016
20150908017
20150908018
20150908019
20150908020
20150908021
20150908022
20150908023
20150908024
20150908025
20150908026
20150908027
20150908028
20150908029
20150908030
20150908031
20150908032
20150908033
20150908034
20150908035
20150908036
20150908037
20150908038
20150908039
20150908040
20150908041
20150908042
20150908043
20150908044
20150908045
20150908046
20150908047
20150908048
20150908049
20150908050
20150908051
20150908052
20150908053
20150908054
20150908055
20150908056
20150908057
20150908058
20150908059
20150908060
20150908061
20150908062
20150908063
20150908064
20150908065
20150908066
20150908067
20150908068
20150908069
20150908070
20150908071
20150908072
20150908073
20150908074
20150908075
20150908076
20150908077
20150908078
20150908079
20150908080
20150908081
20150908082
20150908083
20150908084
20150908085
20150908086
20150908087
20150908088
20150908089
20150908090
20150908091
20150908092
20150908093
20150908094
20150908095
20150908096
20150908097
20150908098
20150908099
20150908100
20150908101
20150908102
20150908103
20150908104
20150908105
20150908106
20150908107
20150908108
20150908109
20150908110
20150908111
20150908112
20150908113
20150908114
20150908115
20150908116
20150908117
20150908118
20150908119
20150908120
20150908121
20150908122
20150908123
20150908124
20150908125
20150908126
20150908127
20150908128
20150908129
20150908130
20150908131
20150908132
20150908133
20150908134
20150908135
20150908136
20150908137
20150908138
20150908139
20150908140
20150908141
20150908142
20150908143
20150908144
20150908145
20150908146
20150908147
20150908148
20150908149
20150908150
20150908151
20150908152
20150908153
20150908154
20150908155
20150908156
20150908157
20150908158
20150908159
20150908160
20150908161
20150908162
20150908163
20150908164
20150908165
20150921001
20150921002
20150921003
20150921004
20150921005
20150921006
20150921007
20150921008
20150921009
20150921010
20150921011
20150921012
20150921013
20150921014
20150921015
20150921016
20150921017
20150921018
20150921019
20150921020
20150921021
20150921022
20150921023
20150921024
20150921025
20150921026
20150921027
20150921028
20150921029
20150921030
20150921031
20150921032
20150921033
20150921034
20150921035
20150921036
20150921037
20150921038
20150921039
20150921040
20150921041
20150921042
20150921043
20150921044
20150921045
20150921046
20150921047
20150921048
20150921049
20150921050
20150921051
20150921052
20150921053
20150921054
20150921055
20150921056
20150921057
20150921058
20150921059
20150921060
20150921061
20150921062
20150921063
20150921064
20150921065
20150921066
20150921067
20150921068
20150921069
20150921070
20150921071
20150921072
20150921073
20150921074
20150921075
20150921076
20150921077
20150921078
20150921079
20150921080
20150921081
20150921082
20150921083
20150921084
20150921085
20150921086
20150921087
20150921088
20150921089
20150921090
20150921091
20150921092
20150921093
20150921094
20150921095
20150921096
20150921097
20150921098
20150921099
20150921100
20150921101
20150921102
20150921103
20150921104
20150921105
20150921106
20150921107
20150921108
20150921109
20150921110
20150921111
20150921112
20150921113
20150921114
20150921115
20150921116
20150921117
20150921118
20150921119
20150921120
20150921121
20150921122
20150921123
20150921124
20150921125
20150921126
20150921127
20150921128
20150921129
20150921130
20150921131
20150921132
20150921133
20150921134
20150921135
20150921136
20150921137
20150921138
20150921139
20150921140
20150921141
20150921142
20150921143
20150921144
20150921145
20150921146
20150921147
20150921148
20150921149
20150921150
20150921151
20150921152
20150921153
20150921154
20150921155
20150921156
20150921157
20150921158
20150921159
20150921160
20150921161
20150921162
20150921163
20150921164
20150921165
20150921166
20150921167
20150921168
20150921169
20150921170
20150921171
20150921172
20150921173
20150921174
20150921175
20151214001
20151214002
20151214003
20151214004
20151214005
20151214006
20151214007
20151214008
20151214009
20151214010
20151214011
20151214012
20151214013
20151214014
20151214015
20151214016
20151214017
20151214018
20151214019
20151214020
20151214021
20151214022
20151214023
20151214024
20151214025
20151214026
20151214027
20151214028
20151214029
20151214030
20151214031
20151214032
20151214033
20151214034
20151214035
20151214036
20151214037
20151214038
20151214039
20151214040
20151214041
20151214042
20151214043
20151214044
20151214045
20151214046
20151214047
20151214048
20151214049
20151214050
20151214051
20151214052
20151214053
20151214054
20151214055
20151214056
20151214057
20151214058
20151214059
20151214060
20151214061
20151214062
20151214063
20151214064
20151214065
20151214066
20151214067
20151214068
20151214069
20151214070
20151214071
20151214072
20151214073
20151214074
20151214075
20151214076
20151214077
20151214078
20151214079
20151214080
20151214081
20151214082
20151214083
20151214084
20151214085
20151214086
20151214087
20151214088
20151214089
20151214090
20151214091
20151214092
20151214093
20151214094
20151214095
20151214096
20151214097
20151214098
20151214099
20151214100
20151214101
20151214102
20151214103
20151214104
20151214105
20151214106
20151214107
20151214108
20151214109
20151214110
20151214111
20151214112
20151214113
20151214114
20151214115
20151214116
20151214117
20151214118
20151214119
20151214120
20151214121
20151214122
20151214123
20151214124
20151214125
20151214126
20151214127
20151214128
20151222001
20151222002
20151222003
20151222004
20151222005
20151222006
20151222007
20151222008
20151222009
20151222010
20151222011
20151222012
20151222013
20151222014
20151222015
20151222016
20151222017
20151222018
20151222019
20151222020
20151222021
20151222022
20151222023
20151222024
20151222025
20151222026
20151222027
20151222028
20151222029
20151222030
20151222031
20151222032
20151222033
20151222034
20151222035
20151222036
20151222037
20151222038
20151222039
20151222040
20151222041
20151222042
20151222043
20151222044
20151222045
20151222046
20151222047
20151222048
20151222049
20151222050
20151222051
20151222052
20151222053
20151222054
20151222055
20151222056
20151222057
20151222058
20151222059
20151222060
20151222061
20151222062
20151222063
20151222064
20151222065
20151222066
20151222067
20151222068
20151222069
20151222070
20151222071
20151222072
20151222073
20151222074
20151222075
20151222076
20151222077
20151222078
20151222079
20151222080
20151222081
20151222082
20151222083
20151222084
20151222085
20151222086
20151222087
20151222088
20151222089
20151222090
20151222091
20151222092
20151222093
20151222094
20151222095
20151222096
20151222097
20151222098
20151222099
20151222100
20151222101
20151222102
20151222103
20151222104
20151222105
20151222106
20151222107
20151222108
20151222109
20151222110
20151222111
20151222112
20151222113
20151222114
20151222115
20151222116
20151222117
20151222118
20151222119
20151222120
20151222121
20151222122
20151222123
20151222124
20151222125
20151222126
20151222127
20151222128
20151222129
20151222130
20151222131
20151222132
20151222133
20151222134
20151222135
20151222136
20151222137
20151222138
20151222139
20151222140
20151222141
20151222142
20151222143
20151222144
20151222145
20151222146
20151222147
20151222148
20151222149
20151222150
20151222151
20151222152
20151222153
20151222154
20151222155
20151222156
20151222157
20151222158
20151222159
20151222160
20151222161
20151222162
20151222163
20151222164
20151222165
20151222166
20151222167
20151222168
20151222169
20151222170
20151222171
20151222172
20151222173
20151222174
20151222175
20151222176
20151222177
20151222178
20151222179
20151222180
20151222181
20151222182
20151222183
20151222184
20151222185
20151222186
20151222187
20151222188
20151222189
20151222190
20151222191
20151222192
20151223001
20151223002
20151223003
20151223004
20151223005
20151223006
20151223007
20151223008
20151223009
20151223010
20151223011
20151223012
20151223013
20151223014
20151223015
20151223016
20151223017
20151223018
20151223019
20151223020
20151223021
20151223022
20151223023
20151223024
20151223025
20151223026
20151223027
20151223028
20151223029
20151223030
20151223031
20151223032
20151223033
20151223034
20151223035
20151223036
20151223037
20151223038
20151223039
20151223040
20151223041
20151223042
20151223043
20151223044
20151223045
20151223046
20151223047
20151223048
20151223049
20151223050
20151223051
20151223052
20151223053
20151223054
20151223055
20151223056
20151223057
20151223058
20151223059
20151223060
20151223061
20151223062
20151223063
20151223064
20151223065
20151223066
20151223067
20151223068
20151223069
20151223070
20151223071
20151223072
20151223073
20151223074
20151223075
20151223076
20151223077
20151223078
20151223079
20151223080
20151223081
20151223082
20151223083
20151223084
20151223085
20151223086
20151223087
20151223088
20151223089
20151223090
20151223091
20151223092
20151223093
20151223094
20151223095
20151223096
20151223097
20151223098
20151223099
20151223100
20151223101
20151223102
20151223103
20151223104
20151223105
20151223106
20151223107
20151223108
20151223109
20151223110
20151223111
20151223112
20151223113
20151223114
20151223115
20151223116
20151223117
20151223118
20151223119
20151223120
20151223121
20151223122
20151223123
20151223124
20151223125
20151223126
20151223127
20151223128
20151223129
20151223130
20151223131
20151223132
20151223133
20151223134
20151223135
20151223136
20151223137
20151223138
20151223139
20151223140
20151223141
20151223142
20151223143
20151223144
20151223145
20151223146
20151223147
20151223148
20151223149
20151223150
20151223151
20151223152
20151223153
20151223154
20151223155
20151223156
20151223157
20151223158
20151223159
20151223160
20151223161
20151223162
20151223163
20151223164
20151223165
20151223166
20151223167
20151223168
20151223169
20151223170
20151223171
20151223172
20151223173
20151223174
20151223175
20151223176
20151223177
20151223178
20151223179
20151223180
20151223181
20151223182
20151223183
20151223184
20151301001
20151301002
20151301003
20151301004
20151301005
20151301006
20151301007
20151301008
20151301009
20151301010
20151301011
20151301012
20151301013
20151301014
20151301015
20151301016
20151301017
20151301018
20151301019
20151301020
20151301021
20151301022
20151301023
20151301024
20151301025
20151301026
20151301027
20151301028
20151301029
20151301030
20151301031
20151301032
20151301033
20151301034
20151301035
20151301036
20151301037
20151301038
20151301039
20151301040
20151301041
20151301042
20151301043
20151301044
20151301045
20151301046
20151301047
20151301048
20151301049
20151301050
20151301051
20151301052
20151301053
20151301054
20151301055
20151301056
20151301057
20151301058
20151301059
20151301060
20151301061
20151301062
20151301063
20151301064
20151301065
20151301066
20151301067
20151301068
20151301069
20151301070
20151301071
20151301072
20151301073
20151301074
20151301075
20151301076
20151301077
20151301078
20151301079
20151301080
20151301081
20151301082
20151301083
20151301084
20151301085
20151301086
20151301087
20151301088
20151301089
20151301090
20151301091
20151301092
20151301093
20151301094
20151301095
20151301096
20151301097
20151301098
20151301099
20151301100
20151301101
20151301102
20151301103
20151301104
20151301105
20151301106
20151301107
20151301108
20151301109
20151301110
20151301111
20151301112
20151301113
20151301114
20151301115
20151301116
20151301117
20151301118
20151301119
20151301120
20151301121
20151301122
20151301123
20151301124
20151301125
20151301126
20151301127
20151301128
20151301129
20151301130
20151301131
20151301132
20151301133
20151301134
20151301135
20151301136
20151301137
20151301138
20151301139
20151307001
20151307002
20151307003
20151307004
20151307005
20151307006
20151307007
20151307008
20151307009
20151307010
20151307011
20151307012
20151307013
20151307014
20151307015
20151307016
20151307017
20151307018
20151307019
20151307020
20151307021
20151307022
20151307023
20151307024
20151307025
20151307026
20151307027
20151307028
20151307029
20151307030
20151307031
20151307032
20151307033
20151307034
20151307035
20151307036
20151307037
20151307038
20151307039
20151307040
20151307041
20151307042
20151307043
20151307044
20151307045
20151307046
20151307047
20151307048
20151307049
20151307050
20151307051
20151307052
20151307053
20151307054
20151307055
20151307056
20151307057
20151307058
20151307059
20151307060
20151307061
20151307062
20151307063
20151307064
20151307065
20151307066
20151307067
20151307068
20151307069
20151307070
20151307071
20151307072
20151307073
20151307074
20151307075
20151307076
20151307077
20151307078
20151307079
20151404001
20151404002
20151404003
20151404004
20151404005
20151404006
20151404007
20151404008
20151404009
20151404010
20151404011
20151404012
20151404013
20151404014
20151404015
20151404016
20151404017
20151404018
20151404019
20151404020
20151404021
20151404022
20151404023
20151404024
20151404025
20151404026
20151404027
20151404028
20151404029
20151404030
20151404031
20151404032
20151404033
20151404034
20151404035
20151404036
20151404037
20151404038
20151404039
20151404040
20151404041
20151404042
20151404043
20151404044
20151404045
20151404046
20151404047
20151404048
20151404049
20151404050
20151404051
20151404052
20151404053
20151404054
20151404055
20151404056
20151404057
20151404058
20151404059
20151404060
20151404061
20151404062
20151404063
20151404064
20151404065
20151404066
20151404067
20151404068
20151404069
20151404070
20151404071
20151404072
20151404073
20151404074
20151404075
20151404076
20151404077
20151404078
20151404079
20151404080
20151404081
20151404082
20151404083
20151404084
20151404085
20151404086
20151410001
20151410002
20151410003
20151410004
20151410005
20151410006
20151410007
20151410008
20151410009
20151410010
20151410011
20151410012
20151410013
20151410014
20151410015
20151410016
20151410017
20151410018
20151410019
20151410020
20151410021
20151410022
20151410023
20151410024
20151410025
20151410026
20151410027
20151410028
20151410029
20151410030
20151410031
20151410032
20151410033
20151410034
20151410035
20151410036
20151410037
20151410038
20151410039
20151410040
20151410041
20151410042
20151410043
20151410044
20151410045
20151410046
20151410047
20151410048
20151410049
20151410050
20151410051
20151410052
20151410053
20151410054
20151410055
20151410056
20151410057
20151410058
20151410059
20151410060
20151410061
20151410062
20151410063
20151410064
20151410065
20151410066
20151410067
20151410068
20151410069
20151410070
20151410071
20151410072
20151410073
20151410074
20151410075
20151410076
20151410077
20151410078
20151410079
20151410080
20151410081
20151410082
20151410083
20151410084
20151410085
20151410086
20151410087
20151410088
20151421001
20151421002
20151421003
20151421004
20151421005
20151421006
20151421007
20151421008
20151421009
20151421010
20151421011
20151421012
20151421013
20151421014
20151421015
20151421016
20151421017
20151421018
20151421019
20151421020
20151421021
20151421022
20151421023
20151421024
20151421025
20151421026
20151421027
20151421028
20151421029
20151421030
20151421031
20151421032
20151421033
20151421034
20151421035
20151421036
20151421037
20151421038
20151421039
20151421040
20151421041
20151421042
20151421043
20151421044
20151421045
20151421046
20151421047
20151421048
20151421049
20151421050
20151421051
20151421052
20151421053
20151421054
20151421055
20151421056
20151509001
20151509002
20151509003
20151509004
20151509005
20151509006
20151509007
20151509008
20151509009
20151509010
20151509011
20151509012
20151509013
20151509014
20151509015
20151509016
20151509017
20151509018
20151509019
20151509020
20151509021
20151509022
20151509023
20151509024
20151509025
20151509026
20151509027
20151509028
20151509029
20151509030
20151509031
20151509032
20151509033
20151509034
20151509035
20151509036
20151509037
20151509038
20151509039
20151509040
20151509041
20151509042
20151509043
20151509044
20151509045
20151509046
20151509047
20151509048
20151509049
20151509050
20151509051
20151509052
20151509053
20151509054
20151509055
20151509056
20151509057
20151509058
20151509059
20151509060
20151509061
20151509062
20151509063
20151509064
20151509065
20151509066
20151509067
20151509068
20151509069
20151509070
20151509071
20151509072
20151509073
20151509074
20151509075
20151509076
20151509077
20151509078
20151509079
20151509080
20151509081
20151509082
20151509083
20151509084
20151509085
20151509086
20151509087
20151509088
20151509089
20151509090
20151510001
20151510002
20151510003
20151510004
20151510005
20151510006
20151510007
20151510008
20151510009
20151510010
20151510011
20151510012
20151510013
20151510014
20151510015
20151510016
20151510017
20151510018
20151510019
20151510020
20151510021
20151510022
20151510023
20151510024
20151510025
20151510026
20151510027
20151510028
20151510029
20151510030
20151510031
20151510032
20151510033
20151510034
20151510035
20151510036
20151510037
20151510038
20151510039
20151510040
20151510041
20151510042
20151510043
20151510044
20151510045
20151510046
20151510047
20151510048
20151510049
20151510050
20151510051
20151510052
20151510053
20151510054
20151510055
20151510056
20151510057
20151510058
20151510059
20151510060
20151510061
20151510062
20151510063
20151510064
20151510065
20151510066
20151510067
20151510068
20151510069
20151510070
20151510071
20151510072
20151510073
20151510074
20151510075
20151510076
20151510077
20151510078
20151510079
20151510080
20151510081
20151510082
20151510083
20151510084
20151510085
20151510086
20151510087
20151510088
20151510089
20151510090
20151510091
20151510092
20151510093
20151510094
20151510095
20151510096
20151510097
20151510098
20151510099
20151510100
20151510101
20151510102
20151510103
20151510104
20151510105
20151510106
20151510107
20151510108
20151510109
20151510110
20151510111
20151510112
20151510113
20151510114
20151510115
20151510116
20151510117
20151510118
20151510119
20151510120
20151510121
20151510122
20151510123
20151510124
20151510125
20151510126
20151510127
20151510128
20151510129
20151510130
20151510131
20151510132
20151510133
20151510134
20151510135
20151510136
20151510137
20151510138
20151510139
20151510140
20151510141
20151510142
20151510143
20151510144
20151510145
20151510146
20151510147
20151510148
20151510149
20151510150
20151510151
20151510152
20151510153
20151511001
20151511002
20151511003
20151511004
20151511005
20151511006
20151511007
20151511008
20151511009
20151511010
20151511011
20151511012
20151511013
20151511014
20151511015
20151511016
20151511017
20151511018
20151511019
20151511020
20151511021
20151511022
20151511023
20151511024
20151511025
20151511026
20151511027
20151511028
20151511029
20151511030
20151511031
20151511032
20151511033
20151511034
20151511035
20151511036
20151511037
20151511038
20151511039
20151511040
20151511041
20151511042
20151511043
20151511044
20151511045
20151511046
20151511047
20151511048
20151511049
20151511050
20151511051
20151511052
20151601001
20151601002
20151601003
20151601004
20151601005
20151601006
20151601007
20151601008
20151601009
20151601010
20151601011
20151601012
20151601013
20151601014
20151601015
20151601016
20151601017
20151601018
20151601019
20151601020
20151601021
20151601022
20151601023
20151601024
20151601025
20151601026
20151601027
20151601028
20151601029
20151601030
20151601031
20151601032
20151601033
20151601034
20151601035
20151601036
20151601037
20151601038
20151601039
20151601040
20151601041
20151601042
20151601043
20151601044
20151601045
20151601046
20151601047
20151601048
20151601049
20151601050
20151601051
20151601052
20151601053
20151601054
20151601055
20151601056
20151601057
20151601058
20151601059
20151601060
20151602001
20151602002
20151602003
20151602004
20151602005
20151602006
20151602007
20151602008
20151602009
20151602010
20151602011
20151602012
20151602013
20151602014
20151602015
20151602016
20151602017
20151602018
20151602019
20151602020
20151602021
20151602022
20151602023
20151602024
20151602025
20151602026
20151602027
20151602028
20151602029
20151602030
20151602031
20151602032
20151602033
20151602034
20151602035
20151602036
20151602037
20151602038
20151602039
20151602040
20151602041
20151602042
20151602043
20151602044
20151602045
20151602046
20151602047
20151602048
20151602049
20151602050
20151602051
20151602052
20151602053
20151602054
20151602055
20151602056
20151602057
20151602058
20151602059
20151602060
20151602061
20151602062
20151602063
20151602064
20151602065
20151602066
20151602067
20151602068
20151602069
20151602070
20151602071
20151602072
20151602073
20151702001
20151702002
20151702003
20151702004
20151702005
20151702006
20151702007
20151702008
20151702009
20151702010
20151702011
20151702012
20151702013
20151702014
20151702015
20151702016
20151702017
20151702018
20151702019
20151702020
20151702021
20151702022
20151702023
20151702024
20151702025
20151702026
20151702027
20151702028
20151702029
20151702030
20151702031
20151702032
20151702033
20151702034
20151702035
20151702036
20151702037
20151702038
20151702039
20151702040
20151702041
20151702042
20151702043
20151702044
20151702045
20151702046
20151702047
20151702048
20151702049
20151702050
20151702051
20151702052
20151702053
20151702054
20151702055
20151702056
20151702057
20151702058
20151702059
20151702060
20151702061
20151702062
20151702063
20151702064
20151702065
20151702066
20151702067
20151702068
20151702069
20151702070
20151702071
20151703001
20151703002
20151703003
20151703004
20151703005
20151703006
20151703007
20151703008
20151703009
20151703010
20151703011
20151703012
20151703013
20151703014
20151703015
20151703016
20151703017
20151703018
20151703019
20151703020
20151703021
20151703022
20151703023
20151703024
20151703025
20151703026
20151703027
20151703028
20151703029
20151703030
20151703031
20151703032
20151703033
20151703034
20151703035
20151703036
20151703037
20151703038
20151703039
20151703040
20151703041
20151703042
20151703043
20151703044
20151703045
20151703046
20151703047
20151703048
20151703049
20151703050
20151703051
20151703052
20151703053
20151703054
20151703055
20151703056
20151703057
20151703058
20151703059
20151703060
20151703061
20151703062
20151703063
20151703064
20151703065
20151703066
20151703067
20151703068
20151703069
20151703070
20151703071
20151703072
20151703073
20151703074
20151703075
20151703076
20151703077
20151703078
20151703079
20151703080
20151703081
20151703082
20151703083
20151703084
20151703085
20151703086
20151703087
20151703088
20151703089
20151703090
20151703091
20151703092
20151703093
20151703094
20151703095
20151703096
20151703097
20151703098
20151703099
20151703100
20151703101
20151703102
20151703103
20151703104
20151703105
20151703106
20151703107
20151703108
20151703109
20151703110
20151703111
20151703112
20151703113
20151703114
20151703115
20151703116
20151703117
20151703118
20151703119
20151703120
20151703121
20151703122
20151703123
20151703124
20151703125
20151703126
20151703127
20151703128
20151703129
20151703130
20151703131
20151703132
20151703133
20151703134
20151703135
20151703136
20151703137
20151703138
20151703139
20151703140
20151703141
20151703142
20151703143
20151703144
20151703145
20151703146
20151703147
20151703148
20151703149
20151703150
20151703151
20151703152
20151703153
20151703154
20151703155
20151703156
20151703157
20151703158
20151703159
20151703160
20151703161
20151703162
20151703163
20151703164
20151703165
20151703166
20151703167
20151703168
20151801001
20151801002
20151801003
20151801004
20151801005
20151801006
20151801007
20151801008
20151801009
20151801010
20151801011
20151801012
20151801013
20151801014
20151801015
20151801016
20151801017
20151801018
20151801019
20151801020
20151801021
20151801022
20151801023
20151801024
20151801025
20151801026
20151801027
20151801028
20151801029
20151801030
20151801031
20151801032
20151801033
20151801034
20151801035
20151801036
20151801037
20151801038
20151801039
20151801040
20151801041
20151801042
20151801043
20151801044
20151801045
20151801046
20151801047
20151801048
20151801049
20151801050
20151801051
20151801052
20151801053
20151801054
20151801055
20151801056
20151801057
20151801058
20151801059
20151801060
20151801061
20151801062
20151801063
20151801064
20151801065
20151801066
20151801067
20151801068
20151801069
20151801070
20151801071
20151801072
20151801073
20151801074
20151801075
20151801076
20151801077
20151801078
20151801079
20151801080
20151801081
20151801082
20151801083
20151801084
20151801085
20151801086
20151801087
20151801088
20151801089
20151801090
20151801091
20151801092
20151801093
20151801094
20151801095
20151801096
20151801097
20151801098
20151801099
20151801100
20151801101
20151801102
20151801103
20151801104
20151801105
20151801106
20151801107
20151801108
20151801109
20151801110
20151801111
20151801112
20151801113
20151801114
20151801115
20151801116
20151801117
20151801118
20151801119
20151801120
20151801121
20151801122
20151801123
20151801124
20151801125
20151801126
20151801127
20151801128
20151801129
20151801130
20151801131
20151801132
20151801133
20151801134
20151801135
20151801136
20151801137
20151801138
20151801139
20151801140
20151801141
20151801142
20151801143
20151801144
20151801145
20151801146
20151801147
20151801148
20151801149
20151801150
20151801151
20151801152
20151801153
20151801154
20151801155
20151801156
20151801157
20151801158
20151821001
20151821002
20151821003
20151821004
20151821005
20151821006
20151821007
20151821008
20151821009
20151821010
20151821011
20151821012
20151821013
20151821014
20151821015
20151821016
20151821017
20151821018
20151821019
20151821020
20151821021
20151821022
20151821023
20151821024
20151821025
20151821026
20151821027
20151821028
20151821029
20151921001
20151921002
20151921003
20151921004
20151921005
20151921006
20151921007
20151921008
20151921009
20151921010
20151921011
20151921012
20151921013
20151921014
20151921015
20151921016
20151921017
20151921018
20151921019
20151921020
20151921021
20151921022
20151921023
20151921024
20151921025
20151921026
20151921027
20151921028
20151921029
20151921030
20151921031
20151921032
20151921033
20151921034
20151921035
20151921036
20151921037
20151921038
20151921039
20151921040
20151921041
20151921042
20151921043
20151921044
20151921045
20151921046
20151921047
20151921048
20151921049
20151921050
20151921051
20151921052
20151921053
20151921054
20151921055
20151921056
20151921057
20151921058
20151921059
20151921060
20151921061
20151921062
20151921063
20151921064
20151921065
20151921066
20151921067
20151921068
20151921069
20151921070
20151921071
20151921072
20151921073
20151921074
20151921075
20151921076
20151921077
20151921078
20151921079
20151921080
20151921081
20151921082
20151921083
20151921084
20151921085
20151921086
20151921087
20151921088
20151921089
20151921090
20151921091
20151921092
20151921093
20151921094
20151921095
20151921096
20151921097
20151921098
20151921099
20151921100
20151921101
20151921102
20151921103
20151921104
20151921105
20151921106
20151921107
20151921108
20151921109
20151921110
20151921111
20151921112
20151921113
20151921114
20151921115
20151921116
20151921117
20151921118
20151921119
20151921120
20151921121
20151921122
20151921123
20151921124
20151921125
20151921126
20151921127
20151921128
20151921129
20151921130
20151921131
20151921132
20151921133
20151921134
20151921135
20151921136
20151921137
20151921138
20151921139
20151921140
20151921141
20151921142
20151921143
20151921144
20151921145
20151921146
20151921147
20151921148
20151921149
20151921150
20151921151
20151921152
20151921153
20151921154
20151921155
20151921156
20151921157
20151921158
20151921159
20151921160
20151921161
20151921162
20151921163
20151921164
20151921165
20151921166
20151921167
20151921168
20151921169
20151921170
20151921171
20151921172
20151921173
20151921174
20151921175
20151921176
20151921177
20151921178
20151921179
20151921180
20151921181
20152107001
20152107002
20152107003
20152107004
20152107005
20152107006
20152107007
20152107008
20152107009
20152107010
20152107011
20152107012
20152107013
20152107014
20152107015
20152107016
20152107017
20152107018
20152107019
20152107020
20152107021
20152107022
20152107023
20152107024
20152107025
20152107026
20152107027
20152107028
20152107029
20152107030
20152107031
20152107032
20152107033
20152107034
20152107035
20152107036
20152107037
20152107038
20152107039
20152107040
20152107041
20152107042
20152124001
20152124002
20152124003
20152124004
20152124005
20152124006
20152124007
20152124008
20152124009
20152124010
20152124011
20152124012
20152124013
20152124014
20152124015
20152124016
20152124017
20152124018
20152124019
20152124020
20152124021
20152124022
20152124023
20152124024
20152124025
20152124026
20152124027
20152124028
20152124029
20152124030
20152124031
20152124032
20152124033
20152124034
20152124035
20152124036
20152124037
20152124038
20152124039
20152124040
20152124041
20152124042
20152124043
20152124044
20152124045
20152124046
20152124047
20152124048
20152124049
20152124050
20152124051
20152124052
20152124053
20152124054
20152124055
20152124056
20152124057
20152124058
20152124059
20152124060
20152124061
20152124062
20152124063
20152124064
20152124065
20152124066
20152124067
20152124068
20152124069
20152124070
20152124071
20152124072
20152124073
20152124074
20152124075
20152124076
20152124077
20152124078
20152124079
20152124080
20152124081
20152124082
20152124083
20152124084
20152124085
20152124086
20152124087
20152124088
20152124089
20152124090
20152124091
20152124092
20152124093
20152124094
20152124095
20152124096
20152124097
20152124098
20152124099
20152124100
20152124101
20152124102
20152124103
20152124104
20152124105
20152124106
20152124107
20152124108
20152124109
20152124110
20152124111
20152124112
20152124113
20152124114
20152124115
20152124116
20152124117
20152124118
20152124119
20152124120
20152124121
20152124122
20152124123
20152124124
20152124125
20152124126
20152124127
20152124128
20152124129
20152124130
20152124131
20152124132
20152124133
20152124134
20152124135
20152124136
20152124137
20152124138
20152124139
20152124140
20152124141
20152124142
20152124143
20152124144
20152124145
20152124146
20152124147
20152124148
20152124149
20152124150
20152124151
20152124152
20152124153
20152124154
20152124155
20152124156
20152124157
20152124158
20152125001
20152125002
20152125003
20152125004
20152125005
20152125006
20152125007
20152125008
20152125009
20152125010
20152125011
20152125012
20152125013
20152125014
20152125015
20152125016
20152125017
20152125018
20152125019
20152125020
20152125021
20152125022
20152125023
20152125024
20152125025
20152125026
20152125027
20152125028
20152125029
20152125030
20152125031
20152125032
20152125033
20152125034
20152125035
20152125036
20152125037
20152125038
20152125039
20152125040
20152125041
20152125042
20152125043
20152125044
20152125045
20152125046
20152125047
20152125048
20152125049
20152125050
20152125051
20152125052
20152125053
20152125054
20152125055
20152125056
20152125057
20152125058
20152125059
20152125060
20152125061
20152125062
20152125063
20152125064
20152125065
20152125066
20152125067
20152125068
20152125069
20152125070
20152125071
20152125072
20152125073
20152125074
20152125075
20152125076
20152125077
20152125078
20152125079
20152125080
20152125081
20152125082
20152125083
20152125084
20152125085
20152125086
20152125087
20152125088
20152125089
20152125090
20152125091
20152125092
20152125093
20152125094
20152125095
20152125096
20152125097
20152125098
20152125099
20152125100
20152125101
20152125102
20152125103
20152125104
20152125105
20152125106
20152125107
20152125108
20152125109
20152125110
20152126001
20152126002
20152126003
20152126004
20152126005
20152126006
20152126007
20152126008
20152126009
20152126010
20152126011
20152126012
20152126013
20152126014
20152126015
20152126016
20152126017
20152126018
20152126019
20152126020
20152126021
20152126022
20152126023
20152126024
20152126025
20152126026
20152126027
20152126028
20152126029
20152126030
20152126031
20152126032
20152126033
20152126034
20152126035
20152126036
20152126037
20152126038
20152126039
20152126040
20152126041
20152126042
20152126043
20152126044
20152126045
20152126046
20152126047
20152126048
20152126049
20152126050
20152126051
20152126052
20152126053
20152126054
20152126055
20152126056
20152126057
20152126058
20152126059
20152126060
20152126061
20152126062
20152126063
20152126064
20152126065
20152126066
20152126067
20152126068
20152126069
20152126070
20152126071
20152126072
20152126073
20152126074
20152126075
20152126076
20152126077
20152126078
20152126079
20152126080
20152126081
20152126082
20152126083
20152126084
20152126085
20152126086
20152126087
20152126088
20152126089
20152126090
20152211001
20152211002
20152211003
20152211004
20152211005
20152211006
20152211007
20152211008
20152211009
20152211010
20152211011
20152211012
20152211013
20152211014
20152211015
20152211016
20152211017
20152211018
20152211019
20152211020
20152211021
20152211022
20152211023
20152211024
20152211025
20152211026
20152211027
20152211028
20152211029
20152211030
20152211031
20152211032
20152211033
20152211034
20152211035
20152211036
20152211037
20152211038
20152211039
20152211040
20152211041
20152211042
20152211043
20152211044
20152211045
20152211046
20152211047
20152211048
20152211049
20152211050
20152211051
20152211052
20152211053
20152211054
20152211055
20152211056
20152211057
20152211058
20152211059
20152211060
20152211061
20152211062
20152211063
20152211064
20152211065
20152211066
20152211067
20152211068
20152211069
20152211070
20152211071
20152211072
20152211073
20152211074
20152211075
20152211076
20152211077
20152211078
20152211079
20152211080
20152211081
20152211082
20152211083
20152211084
20152211085
20152211086
20152211087
20152211088
20152211089
20152211090
20152211091
20152211092
20152211093
20152211094
20152211095
20152211096
20152211097
20152211098
20152211099
20152211100
20152211101
20152211102
20152211103
20152211104
20152211105
20152211106
20152211107
20152211108
20152211109
20152211110
20152211111
20152211112
20152211113
20152211114
20152211115
20152211116
20152211117
20152211118
20152211119
20152211120
20152211121
20152211122
20152211123
20152211124
20152211125
20152211126
20152211127
20152211128
20152211129
20152211130
20152211131
20152211132
20152211133
20152211134
20152211135
20152211136
20152211137
20152211138
20152211139
20152211140
20152211141
20152211142
20152211143
20152211144
20152211145
20152211146
20152211147
20152211148
20152211149
20152211150
20152211151
20152211152
20152211153
20152211154
20152211155
20152211156
20152211157
20152211158
20152211159
20152211160
20152211161
20152211162
20152211163
20152211164
20152211165
20152211166
20152211167
20152211168
20152220001
20152220002
20152220003
20152220004
20152220005
20152220006
20152220007
20152220008
20152220009
20152220010
20152220011
20152220012
20152220013
20152220014
20152220015
20152220016
20152220017
20152220018
20152220019
20152220020
20152220021
20152220022
20152220023
20152220024
20152220025
20152220026
20152220027
20152220028
20152220029
20152220030
20152220031
20152220032
20152220033
20152220034
20152220035
20152220036
20152220037
20152220038
20152220039
20152220040
20152220041
20152220042
20152220043
20152220044
20152220045
20152220046
20152220047
20152220048
20152220049
20152220050
20152220051
20152220052
20152220053
20152220054
20152220055
20152220056
20152220057
20152220058
20152220059
20152220060
20152220061
20152220062
20152220063
20152220064
20152220065
20152220066
20152220067
20152220068
20152220069
20152220070
20152220071
20152220072
20152220073
20152220074
20152220075
20152220076
20152220077
20152220078
20152220079
20152220080
20152220081
20152220082
20152220083
20152220084
20152220085
20152220086
20152220087
20152220088
20152220089
20152220090
20152220091
20152220092
20152220093
20152220094
20152220095
20152220096
20152220097
20152220098
20152220099
20152220100
20152220101
20152220102
20152220103
20152220104
20152220105
20152220106
20152220107
20152220108
20152220109
20152220110
20152220111
20152220112
20152220113
20152220114
20152220115
20152220116
20152220117
20152220118
20152220119
20152220120
20152220121
20152220122
20152220123
20152220124
20152220125
20152220126
20152220127
20152220128
20152220129
20152220130
20152220131
20152220132
20152220133
20152220134
20152220135
20152220136
20152220137
20152220138
20152220139
20152220140
20152220141
20152220142
20152220143
20152220144
20152220145
20152220146
20152220147
20152220148
20152220149
20152220150
20152220151
20152220152
20152220153
20152220154
20152220155
20152220156
20152220157
20152220158
20152220159
20152220160
20152220161
20152220162
20152220163
20152220164
20152229001
20152229002
20152229003
20152229004
20152229005
20152229006
20152229007
20152229008
20152229009
20152229010
20152229011
20152229012
20152229013
20152229014
20152229015
20152229016
20152229017
20152229018
20152229019
20152229020
20152229021
20152229022
20152229023
20152229024
20152229025
20152229026
20152229027
20152229028
20152229029
20152229030
20152229031
20152229032
20152229033
20152229034
20152229035
20152229036
20152229037
20152229038
20152229039
20152229040
20152229041
20152229042
20152229043
20152229044
20152229045
20152229046
20152229047
20152229048
20152229049
20152229050
20152229051
20152229052
20152229053
20152229054
20152229055
20152229056
20152229057
20152229058
20152229059
20152229060
20152229061
20152229062
20152229063
20152229064
20152229065
20152229066
20152229067
20152229068
20152229069
20152229070
20152229071
20152229072
20152229073
20152229074
20152229075
20152229076
20152229077
20152229078
20152229079
20152229080
20152229081
20152229082
20152229083
20152229084
20152229085
20152229086
20152229087
20152229088
20152229089
20152229090
20152229091
20152229092
20152229093
20152229094
20152229095
20152229096
20152229097
20152229098
20152229099
20152229100
20152229101
20152229102
20152229103
20152229104
20152229105
20152229106
20152229107
20152229108
20152229109
20152229110
20152229111
20152229112
20152229113
20152229114
20152229115
20152229116
20152229117
20152229118
20152229119
20152229120
20152229121
20152229122
20152229123
20152229124
20152229125
20152229126
20152229127
20152229128
20152229129
20152229130
20152229131
20152229132
20152229133
20152229134
20152229135
20152229136
20152229137
20152229138
20152229139
20152229140
20152229141
20152229142
20152229143
20152229144
20152229145
20152229146
20152229147
20152229148
20152229149
20152229150
20152229151
20152229152
20152229153
20152229154
20152229155
20152229156
20152229157
20152229158
20152229159
20152229160
20152229161
20152229162
20152229163
20152229164
20152229165
20152229166
20152229167
20152229168
20152229169
20152229170
20152229171
20152229172
20152229173
20152229174
20152229175
20152229176
20152229177
20152229178
20152229179
20152229180
20152229181
20152229182
20152229183
20152229184
20152229185
20152229186
20152229187
20152229188
20152229189
20152229190
20152229191
20152229192
20152229193
20152229194
20152229195
20152229196
20152229197
20152229198
20152229199
20152229200
20152229201
20152229202
20152229203
20152229204
20152229205
20152229206
20152229207
20152229208
20152229209
20152229210
20152304001
20152304002
20152304003
20152304004
20152304005
20152304006
20152304007
20152304008
20152304009
20152304010
20152304011
20152304012
20152304013
20152304014
20152304015
20152304016
20152304017
20152304018
20152304019
20152304020
20152304021
20152304022
20152304023
20152304024
20152304025
20152304026
20152304027
20152304028
20152304029
20152304030
20152304031
20152304032
20152304033
20152304034
20152304035
20152304036
20152304037
20152304038
20152304039
20152304040
20152304041
20152304042
20152304043
20152304044
20152304045
20152304046
20152304047
20152304048
20152304049
20152304050
20152304051
20152304052
20152304053
20152304054
20152304055
20152304056
20152304057
20152304058
20152304059
20152304060
20152304061
20152304062
20152304063
20152304064
20152304065
20152304066
20152304067
20152304068
20152304069
20152304070
20152304071
20152304072
20152304073
20152304074
20152304075
20152304076
20152304077
20152304078
20152304079
20152304080
20152304081
20152304082
20152304083
20152304084
20152304085
20152304086
20152304087
20152304088
20152304089
20152304090
20152304091
20152304092
20152304093
20152304094
20152304095
20152304096
20152304097
20152304098
20152304099
20152304100
20152304101
20152304102
20152304103
20152304104
20152304105
20152304106
20152304107
20152321001
20152321002
20152321003
20152321004
20152321005
20152321006
20152321007
20152321008
20152321009
20152321010
20152321011
20152321012
20152321013
20152321014
20152321015
20152321016
20152321017
20152321018
20152321019
20152321020
20152321021
20152321022
20152321023
20152321024
20152321025
20152321026
20152321027
20152321028
20152321029
20152321030
20152321031
20152321032
20152321033
20152321034
20152321035
20152321036
20152321037
20152321038
20152321039
20152321040
20152321041
20152321042
20152321043
20152321044
20152321045
20152321046
20152321047
20152321048
20152321049
20152321050
20152321051
20152321052
20152321053
20152321054
20152321055
20152321056
20152321057
20152321058
20152321059
20152321060
20152321061
20152321062
20152321063
20152321064
20152321065
20152321066
20152321067
20152321068
20152321069
20152321070
20152321071
20152321072
20152321073
20152321074
20152321075
20152321076
20152321077
20152321078
20152321079
20152321080
20152321081
20152321082
20152321083
20152321084
20152321085
20152321086
20152321087
20152321088
20152321089
20152321090
20152321091
20152321092
20152321093
20152321094
20152321095
20152321096
20152321097
20152321098
20152321099
20152321100
20152321101
20152321102
20152321103
20152321104
20152321105
20152321106
20152321107
20152321108
20152321109
20152321110
20152321111
20152321112
20152321113
20152321114
20152321115
20152321116
20152321117
20152321118
20152321119
20152321120
20152321121
20152321122
20152321123
20152321124
20152321125
20152321126
20152321127
20152321128
20152321129
20152321130
20152321131
20152321132
20152321133
20152321134
20152321135
20152321136
20152321137
20152321138
20152321139
20152321140
20152321141
20152321142
20152321143
20152321144
20152321145
20152321146
20152321147
20152321148
20152321149
20152321150
20152321151
20152321152
20152321153
20152321154
20152321155
20152321156
20152321157
20152321158
20152321159
20152321160
20152321161
20152321162
20152321163
20152321164
20152321165
20152321166
20152321167
20152321168
20152321169
20152321170
20152321171
20152321172
20152321173
20152321174
20152321175
20152322001
20152322002
20152322003
20152322004
20152322005
20152322006
20152322007
20152322008
20152322009
20152322010
20152322011
20152322012
20152322013
20152322014
20152322015
20152322016
20152322017
20152322018
20152322019
20152322020
20152322021
20152322022
20152322023
20152322024
20152322025
20152322026
20152322027
20152322028
20152322029
20152322030
20152322031
20152322032
20152322033
20152322034
20152322035
20152322036
20152322037
20152322038
20152322039
20152322040
20152322041
20152322042
20152322043
20152322044
20152322045
20152322046
20152322047
20152322048
20152322049
20152322050
20152322051
20152322052
20152322053
20152322054
20152322055
20152322056
20152322057
20152322058
20152322059
20152322060
20152322061
20152322062
20152322063
20152322064
20152322065
20152322066
20152322067
20152322068
20152322069
20152322070
20152322071
20152322072
20152322073
20152322074
20152322075
20152322076
20152322077
20152322078
20152322079
20152322080
20152322081
20152322082
20152322083
20152322084
20152322085
20152322086
20152322087
20152322088
20152322089
20152322090
20152322091
20152322092
20152322093
20152322094
20152322095
20152322096
20152322097
20152322098
20152322099
20152322100
20152322101
20152322102
20152322103
20152501001
20152501002
20152501003
20152501004
20152501005
20152501006
20152501007
20152501008
20152501009
20152501010
20152501011
20152501012
20152501013
20152501014
20152501015
20152501016
20152501017
20152501018
20152501019
20152501020
20152501021
20152501022
20152501023
20152501024
20152501025
20152501026
20152501027
20152501028
20152501029
20152501030
20152501031
20152501032
20152501033
20152501034
20152501035
20152501036
20152501037
20152501038
20152501039
20152501040
20152501041
20152501042
20152501043
20152501044
20152501045
20152501046
20152501047
20152501048
20152501049
20152501050
20152501051
20152501052
20152501053
20152501054
20152501055
20152501056
20152501057
20152501058
20152501059
20152501060
20152501061
20152501062
20152501063
20152501064
20152501065
20152501066
20152501067
20152501068
20152501069
20152501070
20152501071
20152501072
20152501073
20152501074
20152501075
20152501076
20152501077
20152501078
20152501079
20152501080
20152501081
20152501082
20152501083
20152501084
20152501085
20152501086
20152501087
20152501088
20152501089
20152501090
20152501091
20152501092
20152501093
20152501094
20152501095
20152501096
20152501097
20152501098
20152501099
20152501100
20152501101
20152501102
20152501103
20152501104
20152501105
20152501106
20152501107
20152501108
20152501109
20152501110
20152501111
20152501112
20152501113
20152501114
20152501115
20152501116
20152501117
20152502001
20152502002
20152502003
20152502004
20152502005
20152502006
20152502007
20152502008
20152502009
20152502010
20152502011
20152502012
20152502013
20152502014
20152502015
20152502016
20152502017
20152502018
20152502019
20152502020
20152502021
20152502022
20152502023
20152502024
20152502025
20152502026
20152502027
20152502028
20152502029
20152502030
20152502031
20152502032
20152502033
20152502034
20152502035
20152502036
20152502037
20152502038
20152502039
20152502040
20152502041
20152502042
20152502043
20152502044
20152502045
20152502046
20152502047
20152502048
20152522001
20152522002
20152522003
20152522004
20152522005
20152522006
20152522007
20152522008
20152522009
20152522010
20152522011
20152522012
20152522013
20152522014
20152522015
20152522016
20152522017
20152522018
20152522019
20152522020
20152522021
20152522022
20152522023
20152522024
20152522025
20152522026
20152522027
20152522028
20152522029
20152522030
20152522031
20152522032
20152522033
20152522034
20152522035
20152522036
20152522037
20152522038
20152522039
20152522040
20152522041
20152522042
20152522043
20152522044
20152522045
20152522046
20152522047
20152522048
20152522049
20152522050
20152522051
20152522052
20152522053
20152522054
20152522055
20152522056
20152522057
20152522058
20152522059
20152522060
20152522061
20152522062
20152522063
20152522064
20152522065
20152522066
20152522067
20152522068
20152522069
20152522070
20152522071
20152522072
20152522073
20152522074
20152522075
20152522076
20152522077
20152522078
20152522079
20152522080
20152522081
20152522082
20152522083
20152522084
20152522085
20152522086
20152522087
20152522088
20152522089
20152522090
20152522091
20152522092
20152522093
20152522094
20152522095
20152522096
20152522097
20152522098
20152522099
20152522100
20152522101
20152522102
20152522103
20152522104
20152522105
20152522106
20152522107
20152522108
20152522109
20152522110
20152522111
20152522112
20152522113
20152522114
20152522115
20152522116
20152522117
20152522118
20152522119
20152522120
20152522121
20152522122
20152522123
20152522124
20152522125
20152522126
20152522127
20152522128
20152522129
20152522130
20152522131
20152522132
20152522133
20152522134
20152522135
20152522136
20152522137
20152522138
20152522139
20152522140
20152522141
20152522142
20152522143
20152522144
20152522145
20152522146
20152522147
20152522148
20152522149
20152522150
20152522151
20152522152
20152522153
20152522154
20152522155
20152522156
20152522157
20152522158
20152522159
20152522160
20152522161
20152522162
20152522163
20152522164
20152522165
20152522166
20152522167
20152522168
20152522169
20152522170
20152522171
20152522172
20152522173
20152522174
20152522175
20152522176
20152601001
20152601002
20152601003
20152601004
20152601005
20152601006
20152601007
20152601008
20152601009
20152601010
20152601011
20152601012
20152601013
20152601014
20152601015
20152601016
20152601017
20152601018
20152601019
20152601020
20152601021
20152601022
20152601023
20152601024
20152601025
20152601026
20152601027
20152601028
20152601029
20152601030
20152601031
20152601032
20152601033
20152601034
20152601035
20152601036
20152601037
20152601038
20152601039
20152601040
20152601041
20152601042
20152601043
20152601044
20152601045
20152601046
20152601047
20152601048
20152601049
20152601050
20152601051
20152601052
20152601053
20152601054
20152601055
20152601056
20152601057
20152601058
20152601059
20152601060
20152601061
20152601062
20152601063
20152601064
20152601065
20152607001
20152607002
20152607003
20152607004
20152607005
20152607006
20152607007
20152607008
20152607009
20152607010
20152607011
20152607012
20152607013
20152607014
20152607015
20152607016
20152607017
20152607018
20152607019
20152607020
20152607021
20152607022
20152607023
20152607024
20152607025
20152607026
20152607027
20152607028
20152607029
20152607030
20152607031
20152607032
20152607033
20152607034
20152607035
20152607036
20152607037
20152607038
20152607039
20152607040
20152607041
20152607042
20152625001
20152625002
20152625003
20152625004
20152625005
20152625006
20152625007
20152625008
20152625009
20152625010
20152625011
20152625012
20152625013
20152625014
20152625015
20152625016
20152625017
20152625018
20152625019
20152625020
20152626001
20152626002
20152626003
20152626004
20152626005
20152626006
20152626007
20152626008
20152626009
20152630001
20152630002
20152630003
20152630004
20152630005
20152630006
20152630007
20152630008
20152630009
20152630010
20152630011
20152630012
20152630013
20152630014
20152630015
20152630016
20152630017
20152630018
20152630019
20152630020
20152630021
20152630022
20152630023
20152630024
20152630025
20152630026
20152630027
20152630028
20152630029
20152630030
20152630031
20152630032
20152630033
20152630034
20152630035
20152630036
20152630037
20152630038
20152630039
20152630040
20152630041
20152630042
20152630043
20152630044
20152630045
20152630046
20152630047
20152630048
20152630049
20152630050
20152630051
20152630052
20152630053
20152630054
20152630055
20152630056
20152630057
20152630058
20152630059
20152630060
20152630061
20152630062
20152630063
20152630064
20152630065
20152630066
20152630067
20152630068
20152630069
20152630070
20152630071
20152630072
20152630073
20152630074
20152630075
20152630076
20152630077
20152630078
20152630079
20152630080
20152630081
20152630082
20152630083
20152630084
20152630085
20152630086
20152630087
20152630088
20152630089
20152630090
20152630091
20152630092
20152630093
20152630094
20152630095
20152630096
20152630097
20152630098
20152630099
20152630100
20152630101
20152630102
20152630103
20152630104
20152630105
20152630106
20152630107
20152630108
20152630109
20152630110
20152630111
20152630112
20152630113
20152630114
20152630115
20152630116
20152630117
20152630118
20152630119
20152630120
20152630121
20152630122
20152630123
20152630124
20152630125
20152630126
20152630127
20152630128
20152630129
20152630130
20152630131
20152630132
20152630133
20152630134
20152630135
20152701001
20152701002
20152701003
20152701004
20152701005
20152701006
20152701007
20152701008
20152701009
20152701010
20152701011
20152701012
20152701013
20152701014
20152701015
20152701016
20152701017
20152701018
20152701019
20152701020
20152701021
20152701022
20152701023
20152701024
20152701025
20152701026
20152701027
20152701028
20152701029
20152701030
20152701031
20152701032
20152701033
20152701034
20152701035
20152701036
20152701037
20152701038
20152701039
20152701040
20152701041
20152701042
20152701043
20152701044
20152701045
20152701046
20152701047
20152701048
20152701049
20152701050
20152701051
20152701052
20152701053
20152701054
20152701055
20152701056
20152701057
20152701058
20152701059
20152701060
20152701061
20152701062
20152701063
20152701064
20152701065
20152701066
20152701067
20152701068
20152701069
20152701070
20152701071
20152701072
20152701073
20152701074
20152701075
20152701076
20152701077
20152701078
20152701079
20152701080
20152701081
20152701082
20152701083
20152701084
20152701085
20152701086
20152701087
20152701088
20152701089
20152701090
20152701091
20152701092
20152701093
20152701094
20152701095
20152701096
20152701097
20152701098
20152701099
20152701100
20153103001
20153103002
20153103003
20153103004
20153103005
20153103006
20153103007
20153103008
20153103009
20153103010
20153103011
20153103012
20153103013
20153103014
20153103015
20153103016
20153103017
20153103018
20153103019
20153103020
20153103021
20153103022
20153103023
20153103024
20153103025
20153103026
20153103027
20153103028
20153103029
20153103030
20153103031
20153103032
20153103033
20153103034
20153103035
20153103036
20153103037
20153103038
20153103039
20153103040
20153103041
20153103042
20153103043
20153103044
20153103045
20153103046
20153103047
20153103048
20153103049
20153103050
20153103051
20153103052
20153103053
20153103054
20153103055
20153103056
20153103057
20153103058
20153103059
20153103060
20153103061
20153103062
20153103063
20153103064
20153103065
20153103066
20153103067
20153103068
20153103069
20153103070